[1 10671 628 41 72548.742 0.056 1163 1.999 64]
[2 1866 160 22 621.72 7.048 227 0.39 418]
[3 1427 125 18 169.72 10.8 212 0.364 423]
[4 1016 90 19 9476.654 0.207 249 0.428 63]
[5 1297 81 19 593.393 14.333 139 0.239 419]
[6 1382 79 16 5050.304 0.748 78 0.134 422]
[7 6208 74 22 4977.416 0.454 131 0.225 421]
[8 513 0 11 4.5 1.3 32 0.055 187]
[9 776 68 13 4273.201 0.341 215 0.37 408]
[10 811 66 16 2684.973 0.417 199 0.342 409]
[11 1042 63 16 1082.549 1.2 51 0.088 410]
[12 899 54 17 3983.398 0.362 170 0.292 22]
[13 892 52 10 1732.505 1.735 27 0.046 59]
[14 723 42 16 3274.004 0.679 100 0.172 198]
[15 568 40 14 3777.481 0.638 65 0.112 197]
[16 6536 37 12 1470.098 0.949 114 0.196 200]
[17 383 35 8 1497.579 0.582 124 0.213 91]
[18 328 35 12 3706.266 0.81 83 0.143 69]
[19 447 32 10 263.018 1.043 118 0.203 45]
[20 298 29 10 2434.189 0.605 78 0.134 431]
[21 398 29 11 884.837 0.864 96 0.165 205]
[22 205 28 8 387.781 5.088 46 0.079 424]
[23 846 27 15 1838.859 0.899 67 0.115 425]
[24 612 26 12 2104.408 0.525 117 0.201 426]
[25 230 26 6 1249.276 0.823 99 0.17 35]
[26 619 25 11 1537.242 1.514 40 0.069 24]
[27 534 24 12 789.807 0.806 98 0.168 427]
[28 218 24 9 972.413 0.45 37 0.064 428]
[29 303 24 10 57.48 1.737 97 0.167 188]
[30 241 21 10 80.224 1.765 95 0.163 129]
[31 236 20 10 10.63 1.786 37 0.064 429]
[32 246 20 8 1204.289 1.566 34 0.058 407]
[33 394 20 11 1261.772 1.09 46 0.079 80]
[34 277 17 10 533.081 0 3 0.005 381]
[35 464 17 11 315.959 1.124 66 0.113 113]
[36 148 16 8 270.926 1.145 13 0.022 379]
[37 147 15 7 117.351 1.381 43 0.074 378]
[38 138 14 7 700.283 0.857 61 0.105 384]
[39 198 14 7 4.145 4.4 30 0.052 386]
[40 128 14 6 1352 1.467 8 0.014 385]
[41 443 14 8 557.772 1.121 77 0.132 383]
[42 7 14 1 48.528 1.895 52 0.089 107]
[43 232 14 8 473.768 0.429 8 0.014 52]
[44 171 13 4 307.618 1.574 56 0.096 374]
[45 97 13 7 2020.646 0.495 29 0.05 214]
[46 434 12 10 175.877 1.643 64 0.11 376]
[47 182 12 7 983.431 1.022 36 0.062 14]
[48 50 12 4 1254.932 1.267 11 0.019 377]
[49 205 12 5 400.571 0.967 48 0.083 110]
[50 42 11 5 1404.511 0.321 16 0.028 15]
[51 34 11 4 506.011 0.467 13 0.022 403]
[52 182 11 8 945.266 2.233 49 0.084 405]
[53 195 11 5 681.302 3.762 15 0.026 404]
[54 102 11 6 275.579 4.556 17 0.029 86]
[55 159 11 5 1352 0.905 14 0.024 51]
[56 95 10 3 445.048 1.567 29 0.05 95]
[57 413 10 9 64.928 1.859 55 0.095 401]
[58 253 10 7 31.525 3.321 23 0.04 397]
[59 88 9 3 343.201 1.267 31 0.053 25]
[60 45 9 3 225.429 1.611 25 0.043 389]
[61 115 9 7 3.019 5.667 5 0.009 380]
[62 13 9 2 92.508 2.067 37 0.064 201]
[63 60 9 4 54.439 2.949 25 0.043 387]
[64 87 8 5 0 5.381 11 0.019 388]
[65 139 8 4 270.738 2.358 28 0.048 58]
[66 36 8 3 9.955 3.278 34 0.058 393]
[67 28 8 2 0 0 1 0.002 391]
[68 108 8 3 10.392 3.444 32 0.055 392]
[69 50 8 3 0 0 4 0.007 81]
[70 74 8 4 0 4 5 0.009 82]
[71 377 8 7 54.655 2.978 43 0.074 462]
[72 217 8 5 307.928 1.25 11 0.019 463]
[73 57 8 4 54.434 1.667 30 0.052 170]
[74 49 8 3 582.346 1.13 30 0.052 101]
[75 210 8 5 172.651 1.067 6 0.01 38]
[76 239 8 6 96.606 2.55 35 0.06 123]
[77 52 8 3 458.194 1.571 8 0.014 166]
[78 92 8 5 392.533 2.007 29 0.05 412]
[79 234 7 6 407.917 1.405 30 0.052 160]
[80 70 7 5 115.123 1.332 37 0.064 394]
[81 229 7 4 6.043 3.472 27 0.046 395]
[82 44 7 2 56.887 1.992 38 0.065 116]
[83 90 7 2 42.177 10.4 20 0.034 458]
[84 39 7 3 1026.144 2.752 19 0.033 65]
[85 119 7 4 254.649 1.857 25 0.043 457]
[86 115 7 6 27.447 2 18 0.031 456]
[87 145 7 5 2 0.333 5 0.009 183]
[88 167 7 3 9.464 4.095 19 0.033 415]
[89 82 6 4 32.314 2.725 27 0.046 53]
[90 35 6 2 17.693 3.833 6 0.01 79]
[91 85 6 5 303.84 2.967 29 0.05 460]
[92 9 6 2 254.25 1.133 9 0.015 459]
[93 77 6 5 686.615 1.889 36 0.062 177]
[94 206 6 3 475.417 4.5 6 0.01 122]
[95 51 6 4 221.716 1.464 13 0.022 141]
[96 111 5 3 298.867 2.99 22 0.038 142]
[97 341 5 3 0 6 4 0.007 146]
[98 86 5 4 15.54 2.864 20 0.034 133]
[99 54 5 4 0 8.2 9 0.015 115]
[100 25 5 2 36.159 1.361 10 0.017 96]
[101 14 5 2 611.447 1.7 27 0.046 470]
[102 87 5 4 43.057 4.9 9 0.015 471]
[103 142 5 5 13.455 4 21 0.036 474]
[104 68 5 4 10.769 5.75 14 0.024 120]
[105 2 5 1 176.81 4.167 19 0.033 472]
[106 140 5 5 0 1 4 0.007 473]
[107 30 5 3 225.925 2.212 16 0.028 372]
[108 241 5 5 68.437 4.75 19 0.033 137]
[109 206 5 4 212.334 2.345 19 0.033 10]
[110 36 4 3 417.559 2.733 19 0.033 461]
[111 17 4 1 23.654 2.655 19 0.033 33]
[112 21 4 2 8.885 1.182 21 0.036 138]
[113 11 4 1 199.84 2.894 16 0.028 42]
[114 75 4 4 263.962 1.509 11 0.019 464]
[115 16 4 3 0 7.6 15 0.026 176]
[116 42 4 3 1.867 4 6 0.01 175]
[117 65 4 2 0 19 3 0.005 121]
[118 28 4 3 0 12 13 0.022 206]
[119 43 4 3 7.635 6.9 7 0.012 467]
[120 144 4 3 0 1.393 8 0.014 181]
[121 24 4 2 10.012 3.389 14 0.024 469]
[122 304 4 4 10.581 4.667 14 0.024 158]
[123 125 4 3 1.9 8 18 0.031 468]
[124 7 4 2 0 16 3 0.005 466]
[125 34 4 2 115.728 2.082 23 0.04 382]
[126 91 4 3 108.148 3.691 15 0.026 30]
[127 31 3 3 93.07 1.2 6 0.01 77]
[128 3 3 1 0 0 3 0.005 373]
[129 30 3 3 0.764 6.833 21 0.036 3]
[130 87 3 3 0.667 2.1 9 0.015 446]
[131 28 3 3 6.767 0.8 16 0.028 443]
[132 5 3 1 1.604 2.733 15 0.026 19]
[133 13 3 2 0 26 6 0.01 430]
[134 30 3 3 0.764 6.833 21 0.036 111]
[135 21 3 1 0 3 5 0.009 1]
[136 68 3 3 2411.312 2.4 10 0.017 46]
[137 8 3 2 6.526 5.2 6 0.01 400]
[138 14 3 3 0.944 4.429 13 0.022 435]
[139 32 3 3 0 7.333 3 0.005 41]
[140 84 3 3 63.423 9.4 6 0.01 436]
[141 60 3 2 0 7.667 7 0.012 434]
[142 0 3 0 123.39 7.4 10 0.017 432]
[143 105 3 2 0 11 5 0.009 196]
[144 2 3 1 256.955 1.9 7 0.012 444]
[145 110 3 2 2 2.19 10 0.017 445]
[146 54 3 1 0 6 11 0.019 433]
[147 3 3 1 0 7 6 0.01 105]
[148 81 3 2 3.339 5.238 12 0.021 194]
[149 18 3 2 9.772 2.8 7 0.012 437]
[150 27 3 3 97.142 2.357 10 0.017 396]
[151 19 3 2 3.816 1.639 15 0.026 439]
[152 28 3 2 0.5 1.333 6 0.01 411]
[153 1125 3 2 0 0 1 0.002 420]
[154 9 3 2 0 0 1 0.002 438]
[155 98 3 3 0 5.2 20 0.034 441]
[156 30 3 3 0.764 6.833 21 0.036 36]
[157 8 3 1 0 1 2 0.003 191]
[158 12 3 1 0 11 3 0.005 20]
[159 26 3 2 0 25.667 12 0.021 455]
[160 21 3 2 0 21 2 0.003 398]
[161 2 3 1 90.21 1.864 13 0.022 8]
[162 16 3 2 123.043 1 9 0.015 375]
[163 0 2 0 11.25 1.571 9 0.015 18]
[164 87 2 2 10.061 0.7 6 0.01 451]
[165 29 2 2 0.846 5.714 10 0.017 135]
[166 29 2 2 0 4.524 8 0.014 213]
[167 0 2 0 0 0 1 0.002 414]
[168 8 2 2 0 0 1 0.002 150]
[169 87 2 2 10.061 0.7 6 0.01 440]
[170 0 2 0 73.796 8.2 6 0.01 371]
[171 15 2 2 1.933 0.978 14 0.024 454]
[172 13 2 1 4.333 0.667 4 0.007 399]
[173 9 2 1 0.333 1.167 6 0.01 453]
[174 17 2 1 0 9.333 5 0.009 211]
[175 1 2 1 6.448 8.19 9 0.015 128]
[176 24 2 2 0 9.333 4 0.007 223]
[177 0 2 0 9.126 3 10 0.017 4]
[178 39 2 2 0 4.833 5 0.009 289]
[179 0 2 0 0 18.167 6 0.01 283]
[180 9 2 1 0 5.333 5 0.009 278]
[181 5 2 1 0 2 2 0.003 62]
[182 13 2 1 0 7.667 4 0.007 281]
[183 16 2 1 9.935 4.511 12 0.021 279]
[184 4 2 1 0 6 5 0.009 295]
[185 7 2 1 1302.01 3.622 10 0.017 226]
[186 93 2 2 3 0.5 4	0.007 74]
[187 50 2 2 1.2 1.833 11 0.019 7]
[188 34 2 2 0 0 2 0.003 249]
[189 23 2 2 1.217 1.5 6 0.01 254]
[190 3 2 1 30.732 0.333 3 0.005 255]
[191 0 2 0 7.729 3.643 9 0.015 271]
[192 23 2 2 0 3 2 0.003 104]
[193 38 2 2 0 10 6 0.01 273]
[194 19 2 2 0 3.5 6 0.01 210]
[195 10 2 2 0 6 5 0.009 269]
[196 22 2 2 0 8.267 7 0.012 270]
[197 24 2 2 36.888 2.536 9 0.015 267]
[198 2 2 1 0 14.5 7 0.012 268]
[199 18 2 1 0.675 5.133 9 0.015 40]
[200 23 2 1 6.489 6.267 8 0.014 54]
[201 20 2 2 0.333 4.8 22 0.038 221]
[202 29 2 2 0 0 2 0.003 130]
[203 7 2 1 0 0 1 0.002 132]
[204 0 2 0 2.985 5.111 13 0.022 162]
[205 36 2 2 0.643 4.905 12 0.021 277]
[206 0 2 0 210.897 1.9 5 0.009 39]
[207 57 2 2 0 0 2 0.003 134]
[208 7 2 2 787.338 0.333 3 0.005 215]
[209 141 2 2 0 9.2 10 0.017 225]
[210 43 2 2 158.903 3.1 5 0.009 216]
[211 16 2 2 0 16.333 4 0.007 228]
[212 7 2 2 0.5 0.667 4 0.007 155]
[213 14 2 1 14.168 4.578 12 0.021 34]
[214 15 2 2 1.933 0.978 14 0.024 355]
[215 2 2 1 0.4 6.762 11 0.019 356]
[216 0 2 0 62.907 2.273 12 0.021 143]
[217 69 2 2 0 2 2 0.003 140 ]
[218 62 2 2 0 4.667 8 0.014 293]
[219 48 2 1 0.143 2.214 12 0.021 100]
[220 46 2 2 0 7.4 9 0.015 276]
[221 3 2 1 72.25 8.267 6 0.01 231]
[222 15 2 2 56.256 4.545 15 0.026 350]
[223 9 2 2 0 1 2 0.003 151]
[224 39 2 2 0 4.167 6 0.01 353]
[225 8 2 1 0 12.5 8 0.014 149]
[226 5 2 1 39.9 3 11 0.019 359]
[227 15 2 2 1.933 0.978 14 0.024 153]
[228 20 2 2 0.333 4.8 22 0.038 358]
[229 29 2 2 0 0 1 0.002 251]
[230 34 2 2 227.804 7.381 9 0.015 360]
[231 48 2 1 0.143 2.214 12 0.021 50]
[232 0 2 0 9.906 3.333 11 0.019 243]
[233 11 2 1 1.266 5 11 0.019 442]
[234 0 2 0 0 0 1 0.002 178]
[235 31 2 2 0 3.429 7 0.012 212]
[236 48 2 1 0.143 2.214 12 0.021 246]
[237 0 1 0 0 3.333 9 0.015 5]
[238 9 1 1 0 0 1 0.002 172]
[239 7 1 1 0 3 4 0.007 173]
[240 4 1 1 0 0 1 0.002 357]
[241 3 1 1 0 4.5 4 0.007 369]
[242 26 1 1 0 5.422 10 0.017 237]
[243 0 1 0 0 4 2 0.003 93]
[244 3 1 1 0 1 2 0.003 448]
[245 1 1 1 0 11.833 7 0.012 9]
[246 1 1 1 0 9.467 6 0.01 262]
[247 4 1 1 0 1 2 0.003 280]
[248 110 1 1 0 11.2 5 0.009 12]
[249 28 1 1 0 10.667 3 0.005 417]
[250 0 1 0 0 3.167 4 0.007 363]
[251 14 1 1 0 0 1 0.002 390]
[252 2 1 1 0 1 2 0.003 239]
[253 15 1 1 0 7.333 4 0.007 342]
[254 0 1 0 0 6 2 0.003 98]
[255 0 1 0 0 4 2 0.003 341]
[256 26 1 1 0 5.422 10 0.017 185]
[257 13 1 1 0 8 3 0.005 234]
[258 2 1 1 0 0 1 0.002 92]
[259 12 1 1 0 6.7 5 0.009 67]
[260 11 1 1 0 3.667 4 0.007 84]
[261 66 1 1 0 1 2 0.003 66]
[262 2 1 1 0 2 2 0.003 207]
[263 0 1 0 0 51 2 0.003 250]
[264 2 1 1 0 11.5 4 0.007 85]
[265 4 1 1 0 1.333 3 0.005 452]
[266 4 1 1 0 4.9 5 0.009 184]
[267 2 1 1 0 2 2 0.003 224]
[268 4 1 1 0 11.2 5 0.009 340]
[269 7 1 1 0 1.733 6 0.01 114]
[270 2 1 1 0 3.429 7 0.012 343]
[271 43 1 1 0 25.667 4 0.007 365]
[272 51 1 1 0 0 1 0.002 112]
[273 6 1 1 0 26 2 0.003 88]
[274 5 1 1 0 0 1 0.002 167]
[275 2 1 1 0 1.6 5 0.009 48]
[276 16 1 1 0 1.9 5 0.009 366]
[277 16 1 1 0 0 1 0.002 263]
[278 0 1 0 0 0 1 0.002 13]
[279 0 1 0 0 1.833 4 0.007 230]
[280 13 1 1 0 3 2 0.003 259]
[281 0 1 0 0 1 3 0.005 195]
[282 7 1 1 0 1 2 0.003 131]
[283 1 1 1 0 6.476 8 0.014 139]
[284 0 1 0 0 51 2 0.003 314]
[285 0 1 0 0 1 2 0.003 344]
[286 4 1 1 0 0 1 0.002 6]
[287 20 1 1 0 3 4 0.007 312]
[288 13 1 1 0 0 1 0.002 117]
[289 23 1 1 0 9.8 6 0.01 321]
[290 14 1 1 0 5.071 8 0.014 299]
[291 8 1 1 0 2 3 0.005 272]
[292 39 1 1 0 1 3 0.005 286]
[293 8 1 1 0 0 1 0.002 315]
[294 9 1 1 0 3 4 0.007 17]
[295 28 1 1 0 2.167 4 0.007 57]
[296 17 1 1 0 8.333 6 0.01 416]
[297 0 1 0 0 2 2 0.003 229]
[298 36 1 1 0 21.667 3 0.005 338]
[299 2 1 1 0 1 2 0.003 260]
[300 3 1 1 0 9.333 7 0.012 106]
[301 3 1 1 0 1 2 0.003 164]
[302 0 1 0 0 19.333 3 0.005 193]
[303 0 1 0 0 1 2 0.003 318]
[304 5 1 1 0 0 1 0.002 233]
[305 3 1 1 0 2 2 0.003 319]
[306 14 1 1 0 5.071 8 0.014 159]
[307 7 1 1 0 1.733 6 0.01 320]
[308 68 1 1 0 1 3 0.005 317]
[309 3 1 1 0 1 2 0.003 21]
[310 7 1 1 0 3 4 0.007 303]
[311 0 1 0 0 0 1 0.002 361]
[312 1 1 1 0 13.667 3 0.005 351]
[313 0 1 0 0 28.333 3 0.005 68]
[314 1 1 1 0 2.333 4 0.007 290]
[315 24 1 1 0 4.571 7 0.012 298]
[316 4 1 1 0 3.667 3 0.005 23]
[317 17 1 1 0 11.333 8 0.014 61]
[318 9 1 1 0 3 4 0.007 241]
[319 84 1 1 0 3.5 4 0.007 294]
[320 0 1 0 0 34.667 3 0.005 245]
[321 0 1 0 0 8.667 6 0.01 261]
[322 0 1 0 0 30 2 0.003 339]
[323 168 1 1 0 0 1 0.002 161]
[324 1 1 1 0 6.267 6 0.01 232]
[325 13 1 1 0 1 2 0.003 204]
[326 4 1 1 0 11 2 0.003 264]
[327 2 1 1 0 0 1 0.002 83]
[328 26 1 1 0 5.422 10 0.017 60]
[329 0 1 0 0 51 2 0.003 2]
[330 9 1 1 0 3 2 0.003 203]
[331 82 1 1 0 4.7 5 0.009 118]
[332 8 1 1 0 1.393 8 0.014 165]
[333 12 1 1 0 3 2 0.003 28]
[334 2 1 1 0 2.933 6 0.01 235]
[335 10 1 1 0 0 1 0.002 169]
[336 2 1 1 0 4.2 5 0.009 316]
[337 0 1 0 0 1 3 0.005 236]
[338 0 1 0 0 6.536 8 0.014 304]
[339 11 1 1 0 3 2 0.003 29]
[340 0 1 0 0 1.833 4 0.007 305]
[341 9 1 1 0 12.1 5 0.009 238]
[342 17 1 1 0 30 2 0.003 347]
[343 6 1 1 0 0 1 0.002 71]
[344 28 1 1 0 0 1 0.002 147]
[345 15 1 1 0 7.333 4 0.007 209]
[346 9 1 1 0 6.867 6 0.01 126]
[347 10 1 1 0 1 2 0.003 202]
[348 6 1 1 0 13 2 0.003 11]
[349 2 1 1 0 0 1 0.002 331]
[350 14 1 1 0 3.2 5 0.009 127]
[351 14 1 1 0 4.1 5 0.009 94]
[352 43 1 1 0 9.333 4 0.007 152]
[353 0 1 0 0 3.333 9 0.015 124]
[354 0 1 0 0 21 2 0.003 89]
[355 0 1 0 0 1.667 3 0.005 302]
[356 2 1 1 0 3 2 0.003 284]
[357 6 1 1 0 1 2 0.003 329]
[358 0 1 0 0 9.667 6 0.01 330]
[359 7 1 1 0 0 1 0.002 49]
[360 16 1 1 0 8 2 0.003 189]
[361 1 1 1 0 3 2 0.003 297]
[362 9 1 1 0 0 1 0.002 336]
[363 4 1 1 0 1.333 3 0.005 266]
[364 8 1 1 0 1 2 0.003 144]
[365 0 1 0 0 9.5 4 0.007 349]
[366 4 1 1 0 4.9 5 0.009 368]
[367 0 1 0 0 15.333 3 0.005 76]
[368 15 1 1 0 14.5 4 0.007 102]
[369 25 1 1 0 0 1 0.002 282]
[370 168 1 1 0 0 1 0.002 73]
[371 68 1 1 0 6 3 0.005 218]
[372 1 1 1 0 77.667 3 0.005 119]
[373 0 1 0 0 5 5 0.009 413]
[374 0 1 0 0 14 5 0.009 75]
[375 20 1 1 0 7.476 7 0.012 348]
[376 16 1 1 0 30 2 0.003 447]
[377 1 1 1 0 0 1 0.002 332]
[378 51 1 1 0 0 1 0.002 157]
[379 0 1 0 0 1.333 4 0.007 334]
[380 7 1 1 0 1.167 4 0.007 40]
[381 0 1 0 0 3.333 3 0.005 244]
[382 10 1 1 0 8.4 5 0.009 163]
[383 1 1 1 0 0 1 0.002 265]
[384 19 1 1 0 0 1 0.002 296]
[385 0 1 0 0 9.7 5 0.009 154]
[386 4 1 1 0 1 2 0.003 247]
[387 0 1 0 0 5.667 4 0.007 465]
[388 0 1 0 0 6.6 5 0.009 352]
[389 7 1 1 0 3 2 0.003 27]
[390 12 1 1 0 2.333 4 0.007 108]
[391 14 1 1 0 3.833 4 0.007 103]
[392 2 1 1 0 0 1 0.002 345]
[393 10 1 1 0 1 2 0.003 333]
[394 1 1 1 0 6.267 6 0.01 180]
[395 26 1 1 0 5.422 10 0.017 55]
[396 0 1 0 0 6.536 8 0.014 242]
[397 0 1 0 0 3 3 0.005 47]
[398 23 1 1 0 2.333 3 0.005 346]
[399 28 1 1 0 10.667 3 0.005 208]
[400 40 1 1 0 0 1 0.002 219]
[401 39 1 1 0 1 3 0.005 217]
[402 0 1 0 0 10.4 6 0.01 32]
[403 0 1 0 0 7.733 6 0.01 182]
[404 28 1 1 0 2.167 4 0.007 227]
[405 1 1 1 0 2 2 0.003 70]
[406 58 1 1 0 1 2 0.003 335]
[407 58 1 1 0 1 2 0.003 109]
[408 6 1 1 0 0 1 0.002 97]
[409 0 1 0 0 0 1 0.002 354]
[410 0 1 0 0 5.467 7 0.012 220]
[411 43 1 1 0 4.167 4 0.007 311]
[412 129 1 1 0 2 2 0.003 364]
[413 10 1 1 0 2 2 0.003 274]
[414 18 1 1 0 4.7 7 0.012 171]
[415 4 1 1 0 0 1 0.002 186]
[416 8 1 1 0 1 2 0.003 31]
[417 0 1 0 0 3.667 7 0.012 168]
[418 0 1 0 0 3 2 0.003 90]
[419 4 1 1 0 1 2 0.003 37]
[420 0 1 0 0 1.333 3 0.005 307]
[421 2 1 1 0 0 1 0.002 310]
[422 45 1 1 0 0 1 0.002 179]
[423 8 1 1 0 1 2 0.003 370]
[424 16 1 1 0 1.9 5 0.009 306]
[425 6 1 1 0 8.524 7 0.012 328]
[426 21 1 1 0 5.533 6 0.01 258]
[427 7 1 1 0 1.167 4 0.007 99]
[428 8 1 1 0 1 2 0.003 156]
[429 0 1 0 0 0 1 0.002 222]
[430 9 1 1 0 16 2 0.003 174]
[431 2 1 1 0 3.429 7 0.012 275]
[432 0 1 0 0 9.7 5 0.009 26]
[433 2 1 1 0 3.429 7 0.012 367]
[434 0 1 0 0 2 4 0.007 309]
[435 2 1 1 0 3.429 7 0.012 16]
[436 16 1 1 0 1.9 5 0.009 324]
[437 1 1 1 0 0 1 0.002 56]
[438 20 1 1 0 7.476 7 0.012 322]
[439 24 1 1 0 4.571 7 0.012 87]
[440 5 1 1 0 2.167 4 0.007 256]
[441 0 1 0 0 1 3 0.005 337]
[442 25 1 1 0 0 1 0.002 257]
[443 6 1 1 0 1 2 0.003 362]
[444 81 1 1 0 10.8 5 0.009 287]
[445 22 1 1 0 4.5 4 0.007 78]
[446 0 1 0 0 3.667 7 0.012 145]
[447 0 1 0 0 9.7 5 0.009 43]
[448 8 1 1 0 1.393 8 0.014 327]
[449 20 1 1 0 3 4 0.007 136]
[450 92 1 1 0 6.5 4 0.007 72]
[451 0 1 0 0 3.7 5 0.009 313]
[452 68 1 1 0 1 3 0.005 199]
[453 28 1 1 0 0 1 0.002 300]
[454 68 1 1 0 1 3 0.005 252]
[455 2 1 1 0 26 2 0.003 125]
[456 0 1 0 0 9.5 4 0.007 325]
[457 3 1 1 0 0 1 0.002 450]
[458 8 1 1 0 25.667 4 0.007 285]
[459 8 1 1 0 0 1 0.002 449]
[460 4 1 1 0 25 2 0.003 44]
[461 1 1 1 0 0 1 0.002 288]
[462 21 1 1 0 5.533 6 0.01 291]
[463 2 1 1 0 0 1 0.002 323]
[464 6 1 1 0 8.524 7 0.012 292]
[465 0 1 0 0 3.7 5 0.009 192]
[466 39 1 1 0 1 3 0.005 190]
[467 42 1 1 0 13.333 5 0.009 301]
[468 22 1 1 0 5 4 0.007 253]
[469 3 1 1 0 8.133 6 0.01 308]
[470 20 1 1 0 3 4 0.007 402]
[471 0 1 0 0 0 1 0.002 148]
[472 3 1 1 0 8.133 6 0.01 248]


